17868
0 6631 14.5512897852106
1 0 23.4473361583777
1 2365 250.916943224457
2 5216 42.452597326334
3 6603 11.0733594035705
3 6603 121.971393390695
4 2478 118.590291816887
4 1 38.4598567952267
5 2084 62.6451115385873
5 2113 27.3392894766799
6 5204 69.8367046376456
6 6988 63.6564579041549
6 5205 101.588840188785
7 2470 786.118664478309
7 2354 94.4121845084644
8 2530 115.010150017971
8 5204 89.2906596561256
8 5202 194.344981685588
9 6572 58.9223707933037
9 2698 250.589142634228
9 10 127.353261823158
10 9 127.353261823158
11 2696 104.97690784225
12 2696 58.9448745300677
13 2755 99.1277567208633
13 2694 127.38039961187
13 2782 222.564247504449
14 5209 22.6437263179484
14 2204 103.972581831488
15 2936 853.527158909821
16 2398 145.470558668596
16 6469 65.8273869945621
17 6347 6.03447029020419
17 3014 506.989813989187
17 2795 725.439272941294
18 2714 72.966737534607
19 3595 24.7502002430136
20 521 16.185930359544
20 412 174.414506083319
20 513 53.2042649017087
21 22 87.501593749552
21 2926 175.422699876308
21 5835 320.592370089921
22 21 87.501593749552
23 305 93.8904876731008
23 353 22.0718250306004
23 394 148.976307588493
24 471 213.899216632073
24 334 65.2310423731905
24 5257 114.713054880514
25 234 55.491729020455
25 6498 20.1061895141316
25 7147 98.3753221254668
26 763 76.5976183279148
26 666 136.038743474112
26 675 147.582060522602
27 5321 43.3083883671147
28 1103 50.6527678873754
28 5322 94.0906940770718
28 1142 120.514306277974
29 1591 1652.05914652079
30 5546 36.2226609852267
30 5977 77.1828747756798
31 5307 74.4650532682353
31 2061 118.253733934629
32 5118 9.63424116634091
32 5092 141.206991424785
33 5169 50.5281578225349
34 5172 62.7779964072891
34 5178 13.524298288727
34 7192 44.5303191858225
35 5448 225.669802913065
36 6686 109.765702169059
36 5239 124.351836268984
36 5250 85.85324346369
37 5253 47.1003100713301
38 5124 62.5886181916952
38 5152 166.322831417187
38 5153 141.16699228962
39 5172 59.6409979286935
39 5164 103.582122434466
39 5183 165.523863394541
40 5171 244.446517989275
40 6927 149.5831139313
40 5064 265.434499369666
41 5032 9.89196124189323
41 5064 95.2487444706495
41 5064 67.1938873450321
42 4861 24.5942766437476
43 3205 87.8504690041662
43 2918 1071.23620985541
43 3337 274.835972949588
44 5138 7.85038762376107
44 5156 39.3960991769588
44 32 181.416725795792
45 6247 5.84698887716092
45 6245 7.15982400283951
45 5062 105.822882151474
46 5038 68.7546422871466
47 4977 140.802267821546
48 5020 71.2179599396391
48 5061 71.5088747372136
48 4999 138.694483823957
49 4960 164.631063794548
49 5020 65.8499138249734
49 5018 71.6337110067921
50 4976 38.2349310538375
51 4971 55.4757865803522
52 4913 71.5325674008971
52 4897 79.84701355563
52 4845 64.423275156798
53 4831 35.4086876395864
54 6218 9.22967185295791
54 4820 9.73179283290689
54 4759 87.6846306111259
55 5215 63.9451621581451
56 6393 184.076167744009
56 5190 82.1042961451577
56 5181 71.1062333857708
57 4985 431.116872901916
58 4907 115.604437594486
59 385 73.4525702875791
59 496 111.839254781858
59 493 194.530182390592
60 5392 52.2102617814574
61 62 139.735468272691
61 64 30.3151949847246
62 63 14.8264655134897
62 61 139.735468272691
63 62 14.8264655134897
63 72 161.235832929657
64 61 30.3151949847246
64 74 157.42799701114
65 66 21.7968308399817
66 75 106.865341807973
66 67 279.042080761799
67 63 1171.05849445502
68 6208 81.0697841794353
69 75 254.81127313747
69 6722 523.232960615502
70 5551 752.56126102091
71 87 337.046979829433
72 69 1175.50992658435
72 73 15.848403186273
72 63 161.235832929657
73 72 15.848403186273
73 77 145.70360834922
74 77 10.0952453244508
74 64 157.42799701114
75 76 22.4807252729658
75 6737 100.407863903243
76 65 104.901139613631
76 6722 247.686167208098
77 264 1217.43147579018
77 73 145.70360834922
78 111 966.879891620225
79 82 772.027814716648
79 104 492.142589313994
79 6178 265.833035112584
80 85 130.210382065874
81 6855 7.25578572748607
81 6856 45.1470593330842
82 88 193.091877975176
83 5684 125.339133910471
83 5550 182.671389652176
83 6221 116.759768782993
84 3 8.93475818787602
84 6603 11.5870135946018
84 86 36.5156561337235
85 80 130.210382065874
85 5362 174.159629612294
85 98 357.617973463751
86 3 33.8282983177985
86 88 92.5798704905861
87 71 337.046979829433
87 90 220.544085134534
87 163 580.500784301553
88 95 198.964231234197
88 86 92.5798704905861
89 91 56.0986977952809
90 87 220.544085134534
91 92 11.685182461608
91 89 56.0986977952809
91 100 271.712518308469
92 91 11.685182461608
93 94 9.01814302979678
93 94 73.1198441272264
93 96 87.324096816643
94 93 9.01814302979678
94 93 73.1198441272264
95 88 198.964231234197
95 110 140.876757425376
95 97 132.960552440516
96 5548 5.99226431896067
96 93 87.324096816643
96 5548 73.8540593663659
97 146 439.467870374662
97 141 296.318353919721
97 95 132.960552440516
98 5421 177.838680628247
98 163 486.096308563237
98 85 357.617973463751
99 100 88.8464572145771
99 101 236.46834124756
99 6384 364.464957259533
100 103 54.2447346285029
100 99 88.8464572145771
100 91 271.712518308469
101 6513 78.1824518128413
101 99 236.46834124756
101 124 321.771653423427
102 5548 49.3815733071216
102 114 102.053299639598
102 105 55.809866556647
103 100 54.2447346285029
103 124 209.589443477164
103 149 276.76622308344
104 6513 72.6948501302954
104 120 146.046812555356
104 79 492.142589313994
105 106 14.3192551127171
105 102 55.809866556647
105 106 59.5420902368919
106 105 14.3192551127171
106 105 59.5420902368919
107 7073 102.614231126338
107 7072 47.560865837558
107 113 42.5614767621272
108 5670 11.4604538505808
108 81 533.026332577389
109 111 103.683784064999
110 5806 12.8856207270495
110 95 140.876757425376
110 115 69.1042504373108
111 109 103.683784064999
111 114 94.0130165092793
111 78 966.879891620225
112 113 9.41755347939637
112 5814 36.1335588178666
112 5811 102.228779158884
113 112 9.41755347939637
113 116 79.6287963005158
113 107 42.5614767621272
114 6203 102.911057036051
114 102 102.053299639598
114 142 164.593509126037
114 111 94.0130165092793
115 132 66.4560635348358
115 110 69.1042504373108
116 113 79.6287963005158
116 148 162.882103360502
116 6203 72.7491561654294
117 5273 11.0469748952105
117 134 74.2935997850816
117 5263 322.271322508884
118 119 74.7344811110699
118 127 42.9796070102672
118 5273 125.439294473934
119 5263 14.881355958624
119 5258 32.8072224805494
119 118 74.7344811110699
120 121 58.9924397475684
120 104 146.046812555356
120 159 133.391012150815
121 162 140.884416434671
121 120 58.9924397475684
121 122 76.3466693656235
122 123 17.6563114504325
122 151 108.18158402774
122 121 76.3466693656235
123 122 17.6563114504325
123 126 75.8231547285761
124 128 74.3677093705365
124 103 209.589443477164
124 101 321.771653423427
125 5759 701.759973156985
125 363 413.737039727081
126 123 75.8231547285761
126 131 78.3353078012021
126 171 141.745528311165
127 129 78.1837382623898
127 118 42.9796070102672
127 138 47.5471123768821
128 124 74.3677093705365
128 145 71.7311467450824
128 130 63.8811900933928
129 127 78.1837382623898
129 5258 9.77906307785939
129 7168 7.00187499073306
130 128 63.8811900933928
130 154 225.171824959586
130 154 238.239780313251
131 126 78.3353078012021
131 133 14.1646162606538
131 161 95.1350407157683
132 5774 7.17038005891934
132 6604 153.605275838454
133 131 14.1646162606538
133 136 77.7347836703095
134 5272 17.7666918485105
134 117 74.2935997850816
134 150 58.5024038348896
135 155 53.6458932056501
136 133 77.7347836703095
136 139 75.2084520076764
136 181 131.248275477041
137 141 94.16805546859
138 5271 48.5685160336991
138 166 78.3373681480807
138 127 47.5471123768821
139 136 75.2084520076764
139 140 16.7924851801557
139 169 89.0060359679485
140 139 16.7924851801557
140 5773 74.2394839005862
141 137 94.16805546859
141 97 296.318353919721
141 146 138.134585455187
142 147 72.3683446733668
142 114 164.593509126037
142 224 261.412137960842
143 349 563.13371753985
144 164 55.4413053263412
145 128 71.7311467450824
145 149 158.562755208391
145 152 52.3859399347652
146 97 439.467870374662
146 141 138.134585455187
146 6845 404.881995994468
147 142 72.3683446733668
147 204 218.358547612898
147 204 279.302601762104
148 116 162.882103360502
148 6203 281.944051431702
148 6165 37.9045235125571
149 174 67.8095088403414
149 145 158.562755208391
149 103 276.76622308344
150 134 58.5024038348896
150 166 153.000629094615
150 234 224.351044213289
151 167 40.3234678155295
151 123 107.635547202557
152 145 52.3859399347652
153 157 39.0541499373764
154 130 225.171824959586
154 130 238.239780313251
154 206 134.22719920887
155 135 53.6458932056501
155 158 72.403163669037
155 157 190.762347477211
156 6179 43.8337085691465
156 168 48.2140986531098
156 164 90.6558708506971
157 170 44.410543329359
157 153 39.0541499373764
157 155 190.762347477211
158 155 72.403163669037
158 197 103.35403304106
158 178 160.189634004879
159 120 133.391012150815
159 218 147.272467771162
159 160 30.6671850790948
160 162 32.0783581205735
160 173 36.3275002677205
160 159 30.6671850790948
161 176 43.5581192361324
161 133 96.231545053223
162 121 140.884416434671
162 160 32.0783581205735
162 165 61.6661779990376
163 194 49.4818924140333
163 98 486.096308563237
163 87 580.500784301553
164 144 55.4413053263412
164 170 66.8978757322787
164 156 90.6558708506971
165 162 61.6661779990376
165 167 21.954191258906
165 177 31.4114079087432
166 290 262.545273150698
166 150 153.000629094615
166 138 78.3373681480807
167 165 21.954191258906
167 171 82.9151673558332
167 151 40.3234678155295
168 180 39.5915098611768
168 6165 77.2809434270815
168 156 48.2140986531098
169 187 44.9137754875924
169 140 91.2458016947241
170 157 44.410543329359
170 164 66.8978757322787
170 184 49.1708144233682
171 167 82.9151673558332
171 176 83.8706017875415
171 126 141.745528311165
171 217 107.932252793707
172 175 59.6158126908351
172 188 42.6167531629769
172 175 194.975548013032
173 177 90.8394792834314
173 160 36.3275002677205
174 149 67.8095088403414
174 211 235.544745861692
174 199 73.3329617286781
175 172 59.6158126908351
175 172 194.975548013032
175 198 65.8850461499561
176 171 83.8706017875415
176 181 88.6410563722479
176 161 43.5581192361324
176 193 20.1305009441183
177 165 31.4114079087432
177 173 90.8394792834314
178 183 70.3165498498929
178 158 160.189634004879
178 230 130.844768124791
179 182 33.4114235108378
179 186 18.436188789206
179 182 68.0458071277473
180 168 39.5915098611768
180 190 46.7710210890701
180 190 45.3848917613463
181 176 88.6410563722479
181 187 82.9145489982155
181 136 131.248275477041
182 179 33.4114235108378
182 179 68.0458071277473
183 5812 16.1631287402388
183 5812 61.4342552822656
183 178 70.3165498498929
184 200 39.6915174548953
184 170 49.1708144233682
184 186 29.4783156202465
185 195 100.998591049484
185 203 35.3257846578844
185 6165 66.1153759695044
186 189 35.400430194068
186 179 18.436188789206
186 184 29.4783156202465
187 181 82.9145489982155
187 192 84.2835645445634
187 169 44.9137754875924
188 172 42.6167531629769
188 306 245.240718738261
188 202 231.819315869476
189 186 35.400430194068
189 7216 13.4029449180919
189 205 75.7656198527368
190 180 46.7710210890701
190 180 45.3848917613463
191 196 34.88062844597
192 187 84.2835645445634
192 227 78.3718032716979
193 176 20.1305009441183
194 163 49.4818924140333
194 285 224.054555547836
195 207 35.1972131625358
195 185 100.998591049484
195 190 11.5255567783654
196 200 31.3650602888966
196 200 65.079989670532
196 191 34.88062844597
197 158 103.35403304106
197 233 153.895543478949
197 205 119.411831274088
198 175 65.8850461499561
199 208 103.298766850462
199 174 73.3329617286781
199 208 212.967402265869
200 196 31.3650602888966
200 184 39.6915174548953
200 196 65.079989670532
201 209 32.8752413514541
202 6604 45.6159408883212
202 228 70.066081359988
202 188 231.819315869476
203 207 96.6325982605989
203 185 35.3257846578844
203 222 39.5148384252322
204 232 69.6311365159038
204 147 218.358547612898
204 147 279.302601762104
205 189 75.7656198527368
205 262 149.799239527236
205 197 119.411831274088
206 210 33.1467830360466
206 218 63.9568863517408
206 154 134.22719920887
207 195 35.1972131625358
208 211 16.5254916917988
208 199 103.298766850462
208 199 212.967402265869
209 223 144.978785541575
209 201 32.8752413514541
209 240 76.5446716631538
210 212 38.8687953977325
210 206 33.1467830360466
210 215 190.022920385787
211 219 39.8682268551086
211 208 16.5254916917988
211 174 235.544745861692
212 210 38.8687953977325
212 215 57.084074971469
212 216 229.725185275073
213 222 56.4260057998282
214 5673 11.9474614251711
214 5671 202.973751993452
215 212 57.084074971469
215 216 8.34143162820462
215 210 190.022920385787
216 215 8.34143162820462
216 212 229.725185275073
216 219 38.2891810470357
217 221 38.40076734321
217 171 107.932252793707
217 250 82.30124559922
218 252 88.6895276179799
218 159 147.272467771162
218 206 63.9568863517408
219 211 39.8682268551086
219 216 38.2891810470357
219 259 97.9260748654215
220 5766 8.15262445883394
221 217 38.40076734321
222 213 56.4260057998282
222 203 39.5148384252322
222 225 20.0056413429613
223 227 102.620078466208
223 239 54.8418329853342
223 209 144.978785541575
224 247 68.299209622864
224 142 261.412137960842
224 226 46.8872247737167
225 231 62.4124018078062
225 244 53.0181850290442
225 222 20.0056413429613
226 246 53.5724279377863
226 232 23.4613491746146
226 224 46.8872247737167
227 229 7.24584012176198
227 223 102.620078466208
228 202 70.066081359988
228 5844 74.3455803753475
229 228 7.40107667052733
229 288 129.19170003482
230 233 28.673753486376
230 235 72.9466720418532
230 178 130.844768124791
231 225 62.4124018078062
231 260 63.1622450935281
231 245 158.657933010027
232 226 23.4613491746146
232 204 69.6311365159038
232 237 38.0072820699103
233 197 153.895543478949
233 230 28.673753486376
233 257 58.2076594821111
234 25 55.491729020455
234 6499 18.772466797022
234 150 224.351044213289
235 236 15.3210875276538
235 236 90.0919148124376
235 230 72.9466720418532
236 235 15.3210875276538
236 235 90.0919148124376
237 254 33.4896761200983
237 232 38.0072820699103
237 244 101.382354460594
238 6499 75.4235560054589
239 251 22.4113196127883
239 241 50.1288320175472
239 223 54.8418329853342
240 251 149.739307804621
240 250 120.442631378846
240 209 76.5446716631538
241 239 50.1288320175472
242 5267 45.0178255020833
242 282 61.7296160045183
242 301 286.516788997004
243 261 24.4361072294465
244 225 53.0181850290442
244 310 116.259870891386
244 237 101.382354460594
245 292 74.4414464989098
245 231 158.657933010027
245 262 124.092351317169
246 226 53.5724279377863
246 248 16.0950727317594
246 253 15.2307508563927
247 253 42.5237886507567
247 267 31.2335734789718
247 224 68.299209622864
248 246 16.0950727317594
248 254 44.6477569322102
248 255 15.6117445697874
249 256 49.8647329410434
249 263 233.074577749696
249 332 162.711811925964
250 217 82.30124559922
250 284 56.7062332101146
250 240 120.442631378846
251 239 22.4113196127883
251 240 149.739307804621
251 303 88.0848453753695
252 218 88.6895276179799
252 173 207.514397532841
252 268 26.7568602657165
253 247 42.5237886507567
253 255 15.6381741662957
253 246 15.2307508563927
254 237 33.4896761200983
254 248 44.6477569322102
254 295 77.8938619091711
255 291 50.8980710032633
255 253 15.6381741662957
255 248 15.6117445697874
256 269 26.5892200532321
256 249 49.8647329410434
256 263 35.6940668843548
257 266 38.6619488414708
257 233 58.2076594821111
257 6175 68.912095020875
258 264 20.7693985536683
258 73 1175.26540821374
259 272 18.5126408812627
259 273 167.999903791669
259 219 97.9260748654215
260 231 63.1622450935281
260 280 46.4789885959183
260 280 51.1757068919818
261 267 47.8563189007687
261 286 41.1413939467622
261 243 24.4361072294465
262 205 149.799239527236
262 245 124.092351317169
262 341 130.107310249156
263 256 35.6940668843548
263 249 233.074577749696
263 266 31.5559369613066
264 297 49.1981473539631
265 294 95.1378683111847
265 7231 37.4760093173819
266 257 38.6619488414708
266 302 59.1549040346636
266 263 31.5559369613066
267 261 47.8563189007687
267 247 31.2335734789718
267 279 21.1760129987641
268 281 14.8929240206971
268 259 217.138519540524
268 252 26.7568602657165
269 256 26.5892200532321
270 275 58.3625883563737
270 373 139.177194312546
271 270 65.6965346370703
272 259 18.5126408812627
272 271 30.1593183252638
273 258 51.3144757459312
274 5289 7.34579494976502
274 272 30.280528216319
275 281 59.6310813259867
276 6868 5.9661749485885
276 7231 32.5392789788905
277 177 219.049472714333
277 268 103.703888972085
278 274 67.2060598548884
278 314 70.9924138700714
279 291 54.676077838289
279 313 67.4382892452845
279 267 21.1760129987641
280 260 46.4789885959183
280 260 51.1757068919818
281 268 14.8929240206971
281 6322 92.2669667152524
281 383 138.163045041972
282 242 61.7296160045183
282 287 11.5636070683983
282 327 246.998186285749
283 293 19.5914708881134
283 296 69.8408656233382
283 293 82.9450801301307
284 277 101.748781292457
284 250 56.7062332101146
284 299 20.9056341799184
285 194 224.054555547836
285 379 266.528557749958
285 6853 83.1437327207182
286 261 41.1413939467622
287 282 11.5636070683983
287 304 29.2066061709289
287 7169 76.6618910240361
288 5783 53.7578802501245
289 273 18.0109678208001
289 278 66.0740821169492
290 7169 7.71642536257491
290 166 262.545273150698
290 6498 156.24241879362
291 255 50.8980710032633
291 279 54.676077838289
291 295 30.9926144335105
292 298 58.8902865711785
292 245 74.4414464989098
292 296 2.62339677603483
293 283 19.5914708881134
293 283 82.9450801301307
294 6871 6.85762888220946
294 6174 45.5310716705876
295 316 46.5716941572084
295 291 30.9926144335105
295 254 77.8938619091711
296 324 52.8765044268889
296 292 2.62339677603483
296 283 69.8408656233382
297 7147 108.742784235309
297 307 13.8110985271187
298 292 58.8902865711785
299 300 24.0108976151113
299 284 20.9056341799184
300 366 83.6294481904899
300 308 131.686607671536
301 327 57.8606935239427
301 242 286.516788997004
301 349 133.462710289877
302 266 59.1549040346636
302 347 58.5882071581539
302 347 197.378176094068
303 312 16.1170446185865
303 284 237.031301335398
303 251 88.0848453753695
304 287 29.2066061709289
304 311 16.9504372145334
304 7169 78.887199134041
305 7146 29.5615284920761
305 23 93.8904876731008
306 188 245.240718738261
307 330 69.7094247007851
308 312 80.7780030847645
309 317 44.3089611096726
309 6870 347.634181295453
310 322 64.134793386586
310 244 116.259870891386
310 5817 75.3842946928004
311 304 16.9504372145334
311 344 73.6165868917931
311 369 204.420953259942
312 303 16.1170446185865
312 5784 109.390461230988
313 279 67.4382892452845
313 315 58.8167104660149
313 331 23.4048774485824
314 376 65.1081084318406
314 278 70.9924138700714
314 320 57.8010203341555
315 313 58.8167104660149
316 295 46.5716941572084
316 321 38.2221875809
316 345 42.5983926371698
317 6874 6.09762733781087
317 319 32.6306048981278
318 5783 11.7389851833756
318 5844 86.7453846544884
319 6874 33.3887699618622
319 6177 174.226911149986
320 314 57.8010203341555
321 316 38.2221875809
321 333 44.1741784649825
321 333 39.7921072121663
322 339 94.416131946477
322 310 64.134793386586
322 375 55.8937966607111
323 289 41.3663538977993
324 329 35.6830472999027
324 296 52.8765044268889
324 339 101.297896155598
325 346 27.4068791064009
326 318 11.6402795003702
326 6706 103.013712101309
327 301 57.8606935239427
327 369 60.0985256097897
327 5587 122.678838094114
327 282 246.998186285749
328 6872 6.32463723407755
328 6873 28.8429380717522
329 336 48.7377001340844
329 390 68.0041546178742
329 324 35.6830472999027
330 323 26.745316334886
330 351 40.7185831623668
331 313 23.4048774485824
332 341 44.9886046153883
332 249 162.711811925964
332 346 71.4438012879014
333 321 44.1741784649825
333 321 39.7921072121663
334 352 59.0455180418878
334 477 215.136405050818
334 24 65.2310423731905
335 366 135.394354141697
335 389 58.6648583972377
336 329 48.7377001340844
336 337 11.431231058708
336 337 67.2727411830673
337 336 11.431231058708
337 336 67.2727411830673
338 6853 4.75431825100169
338 6854 43.4587184469958
339 322 94.416131946477
339 392 55.739323100321
339 324 101.297896155598
340 6706 88.1243954273391
340 6847 65.3757302181499
340 488 250.389161640126
341 332 44.9886046153883
341 400 67.1682195577944
341 262 130.107310249156
342 386 58.8898402255551
343 365 17.6013891797685
343 363 198.360028114071
344 311 73.6165868917931
344 371 33.7872644754479
344 394 36.146152474222
345 316 42.5983926371698
346 355 12.0079242731637
346 325 27.4068791064009
346 332 71.4438012879014
347 302 58.5882071581539
347 361 47.746429055288
347 302 197.378176094068
348 354 59.7550988352503
348 407 81.6474124774494
348 6874 25.9033664382745
348 364 267.692027358771
349 301 133.462710289877
349 374 18.0142072427838
349 143 563.13371753985
350 358 59.7216228193709
350 483 200.280973628597
350 415 149.015450863827
351 323 44.7397779449298
351 434 117.017530229915
352 353 21.0296758515722
352 334 59.0455180418878
353 367 34.6518828456323
353 352 21.0296758515722
353 23 22.0718250306004
354 348 59.7550988352503
354 359 60.4958055257391
354 450 132.922049074826
355 346 12.0079242731637
355 361 28.1492494536217
355 361 123.155081837633
356 426 106.997218387195
356 364 39.3130257521992
356 388 346.688587903963
357 6565 21.8353070794974
357 6564 18.3765749690252
357 397 51.9272717040159
358 350 59.7216228193709
358 362 75.1670972415176
359 453 132.464354679166
359 354 60.4958055257391
359 360 63.5258816557244
360 359 63.5258816557244
360 362 68.0905225221388
360 455 134.140181013619
361 355 28.1492494536217
361 355 123.155081837633
361 347 47.746429055288
362 360 68.0905225221388
362 358 75.1670972415176
362 457 141.427942398135
362 6872 24.7836832914929
363 377 16.6977637494504
363 6249 312.840322853114
364 440 107.580359824587
364 348 267.692027358771
364 356 39.3130257521992
365 343 17.6013891797685
366 382 130.445557855239
366 300 83.6294481904899
366 335 135.394354141697
367 494 212.790632839196
367 353 34.6518828456323
367 396 75.572197646385
368 370 55.4881578957455
368 372 37.5129595218477
368 271 135.113548244253
369 402 62.548839373342
369 327 60.0985256097897
369 311 204.420953259942
370 376 57.592445233651
370 368 55.4881578957455
371 344 33.7872644754479
371 419 200.70839424127
371 404 53.3212231524047
372 368 37.5129595218477
372 373 18.0642776897029
372 410 61.2985818038484
373 372 18.0642776897029
373 380 51.13100776907
374 395 63.3031397253849
374 349 18.0142072427838
374 385 141.78259802592
375 322 55.8937966607111
375 384 41.6944755767174
375 384 42.024325668337
376 370 57.592445233651
376 418 65.5246617664865
377 5759 302.564120649193
377 365 196.107226141328
378 5833 17.3359170478821
378 462 128.097068046645
379 6852 160.688328990719
379 6841 342.222420761252
379 285 266.528557749958
380 373 51.13100776907
380 383 59.9362050183593
380 275 139.808612395918
381 6850 74.2935097716544
381 401 17.3882278531612
382 308 84.2816450890714
382 366 130.445557855239
382 427 82.0312800497394
383 380 59.9362050183593
383 420 62.6541004967673
383 389 80.817057654288
383 281 138.163045041972
384 375 41.6944755767174
384 375 42.024325668337
385 59 73.4525702875791
385 386 7.3543815761938
385 374 141.78259802592
386 385 7.3543815761938
386 391 184.500961049655
386 342 58.8898402255551
387 6174 70.3905760435691
387 446 106.419505178299
388 398 51.7883068104769
388 6008 144.945358447739
388 356 346.688587903963
389 383 80.817057654288
389 393 47.1092240849596
389 335 58.6648583972377
390 329 68.0041546178742
390 409 57.1258382263126
390 409 56.234419089567
391 386 184.500961049655
391 397 66.2808178609674
391 502 292.920871392104
392 339 55.739323100321
392 399 41.9771153520861
392 399 41.1744000388166
393 389 47.1092240849596
393 433 60.444364318983
393 403 72.2804166571664
394 344 36.146152474222
394 458 95.561295441403
394 23 148.976307588493
395 5587 8.15503641824733
395 374 63.3031397253849
396 367 75.572197646385
396 454 99.6718599091087
397 391 66.2808178609674
397 6567 15.2101419924028
397 357 51.9272717040159
398 406 60.7209618284879
398 467 109.543538131861
398 388 51.7883068104769
399 392 41.9771153520861
399 392 41.1744000388166
400 341 67.1682195577944
400 6436 75.1902163329546
400 408 77.8985838256012
401 447 68.121361373272
401 381 17.3882278531612
401 415 169.629845194781
402 369 62.548839373342
402 419 45.6789725460173
402 424 61.7830488103399
403 535 212.659871544564
403 393 72.2804166571664
403 416 65.982172102975
404 451 135.527106827158
404 371 53.3212231524047
404 449 59.4531557466596
405 445 53.5101184340833
405 469 429.569135171792
406 398 60.7209618284879
406 413 39.6651883200273
406 474 109.796017401823
407 444 50.4347296246172
407 348 81.6474124774494
407 443 67.3001723882497
408 400 77.8985838256012
408 430 257.596613536672
408 430 129.261087951798
409 390 57.1258382263126
409 390 56.234419089567
410 372 61.2985818038484
410 411 6.26026847399873
410 417 59.4552589676209
411 410 6.26026847399873
411 513 165.271858929108
411 412 65.2131822384772
412 411 65.2131822384772
412 418 64.8189444024154
413 423 64.09985919635
413 406 39.6651883200273
413 484 109.755214011445
414 6562 13.6474417760436
415 350 149.015450863827
415 401 169.629845194781
416 537 197.204240710821
416 403 65.982172102975
416 427 70.4149400356982
417 410 59.4552589676209
417 420 67.0249364538274
417 515 154.560261976197
418 526 173.520219072371
418 412 64.8189444024154
418 434 71.8165917462148
419 402 45.6789725460173
419 451 50.0104859856
419 371 200.70839424127
420 383 62.6541004967673
420 417 67.0249364538274
420 428 67.1630406621489
420 520 155.863693014163
421 445 15.5808000752461
421 5849 8.8657019137132
421 6249 52.1549061634518
422 424 6.09051661476686
422 5587 54.8362590898454
422 461 65.6657458175378
423 523 160.907499086166
423 413 64.09985919635
423 426 19.557109938295
424 422 6.09051661476686
424 472 94.4026894532069
424 402 61.7830488103399
425 6567 36.2607032537753
425 6562 129.662667578055
425 480 130.441895169258
426 439 43.1954607146577
426 423 19.557109938295
426 356 106.997218387195
427 382 82.0312800497394
427 416 70.4149400356982
427 468 91.5105518475848
428 420 67.1630406621489
428 433 60.493924768743
429 431 35.0790846488304
429 435 120.572564808821
429 435 19.3541302541823
430 442 53.525563209319
430 408 257.596613536672
430 408 129.261087951798
431 429 35.0790846488304
431 436 18.4230690012721
431 554 205.962784882024
432 447 24.9847758856726
433 393 60.444364318983
433 531 158.845631087611
433 428 60.493924768743
434 448 27.8769031564585
434 418 71.8165917462148
434 351 117.017530229915
435 429 120.572564808821
435 429 19.3541302541823
435 452 24.4501922441213
436 431 18.4230690012721
436 438 19.2521843432336
436 438 110.21301666774
437 851 803.970946729139
438 436 19.2521843432336
438 441 18.4554480462566
438 436 110.21301666774
439 440 3.51595737336792
439 426 43.1954607146577
439 523 201.191292021568
440 439 3.51595737336792
440 452 63.5507863635164
440 364 107.580359824587
441 438 18.4554480462566
441 443 33.9600560391563
441 559 201.440584000524
442 446 20.9667773856808
442 387 110.556701982222
442 430 53.525563209319
443 441 33.9600560391563
443 444 19.7117088814917
443 407 67.3001723882497
444 407 50.4347296246172
444 443 19.7117088814917
444 450 61.2732583251567
444 561 195.970812398891
445 421 15.5808000752461
445 5816 14.9000785409549
445 466 45.5943409910889
446 442 20.9667773856808
446 517 128.21989531312
447 432 24.9847758856726
447 460 79.7525471168974
447 401 68.121361373272
447 538 167.821858866458
448 434 27.3296588098811
448 464 80.974114212965
448 6802 69.6602923698725
449 458 49.2992089146291
449 404 59.4531557466596
449 492 144.655745446582
450 444 61.2732583251567
450 453 64.2766591038682
451 419 50.0104859856
451 404 135.527106827158
451 472 61.541232878793
452 440 63.5507863635164
452 435 24.4501922441213
452 552 178.578143720046
453 359 132.464354679166
453 450 64.2766591038682
453 455 68.4005190923779
453 528 128.86124409802
454 532 138.746612370524
454 518 135.429592565872
454 396 99.6718599091087
455 453 68.4005190923779
455 456 38.9683311148336
455 360 134.140181013619
456 455 38.9683311148336
456 530 138.506777202882
456 457 68.0395400526276
457 362 141.427942398135
457 456 68.0395400526276
457 506 96.3799205922376
458 529 125.568116688328
458 449 49.2992089146291
458 394 95.561295441403
459 481 49.7175321482777
459 482 94.838077031628
459 481 187.194543439618
460 447 79.7525471168974
460 470 81.6929592103943
461 395 133.948417150682
461 465 13.3311790894414
462 5833 125.770074444652
462 691 337.04689548645
463 421 40.1608252730186
463 377 314.722202954502
464 5257 184.174415633887
464 448 80.974114212965
465 508 120.904478357109
465 490 56.6269659634519
466 463 12.0315123427041
466 503 94.4458549425183
467 398 109.543538131861
467 6008 30.4862943107094
467 474 62.340107408443
468 476 25.8930005865287
468 427 91.5105518475848
468 524 95.2900570842626
469 6840 9.35616102641612
469 6436 38.6433181344876
470 473 17.436754279419
470 460 81.6929592103943
471 24 213.899216632073
471 464 67.1067041451002
472 478 15.7080666241134
472 424 94.4026894532069
472 451 61.541232878793
473 470 17.436754279419
473 483 60.8197717573825
473 415 93.656239005888
474 484 53.9970984560173
474 406 109.796017401823
474 467 62.340107408443
475 6684 123.980333873698
475 6684 231.450823342161
475 480 78.1570378823402
476 468 25.8930005865287
476 516 63.6579103327044
476 504 120.314978067442
477 522 71.3952313024172
477 486 57.641340101275
477 471 67.706619423492
478 472 15.7080666241134
478 492 42.162560443857
479 487 33.0458085633562
479 5666 4.45335414206106
479 5666 58.2686174546741
480 425 130.441895169258
480 475 78.1570378823402
480 573 141.600100868749
481 459 49.7175321482777
481 459 187.194543439618
481 482 178.9998297499
482 459 94.838077031628
482 481 178.9998297499
482 485 43.2395855354166
483 473 60.8197717573825
483 489 56.3957105406162
484 474 53.9970984560173
484 527 68.2738230623332
484 413 109.755214011445
485 533 70.9475490855265
485 511 349.029021073818
485 482 43.2395855354166
486 352 213.877008761203
486 477 57.641340101275
486 494 54.7629113097157
487 479 33.0458085633562
487 596 145.681267432411
487 491 43.1229192660363
488 553 122.575672465004
488 5765 104.137136409847
488 340 250.389161640126
489 483 56.3957105406162
489 358 215.286331872437
489 506 77.9805703059685
490 547 85.9525188829628
491 497 33.8814752317817
491 487 43.1229192660363
492 478 42.162560443857
492 501 23.0774264371188
492 449 144.655745446582
493 490 70.6726255149446
493 59 194.530182390592
493 496 79.927805713058
494 486 54.7629113097157
494 495 18.0080219744258
495 505 39.1762839751837
495 541 72.6789295994468
495 494 18.0080219744258
496 59 111.839254781858
496 564 91.8352992209808
496 502 72.0312864945893
496 493 79.927805713058
497 498 10.1083436406201
497 5665 8.97212874842958
498 463 93.280488185577
498 497 10.1083436406201
498 503 7.05159363683702
499 528 88.7404539101809
500 5623 13.4000514022541
500 511 65.9590374924969
500 6435 25.6339014013419
501 560 117.131601513062
501 492 23.0774264371188
501 603 177.138608040223
502 519 34.7533905922981
502 496 72.0312864945893
502 391 292.920871392104
503 498 7.05159363683702
503 509 13.6920744857981
504 546 74.6906565068264
504 5842 48.5426428199903
504 476 120.314978067442
505 518 55.2033099390445
505 396 196.356622600605
506 530 83.4642684573725
506 457 96.3799205922376
506 548 72.3574033231949
506 489 77.9805703059685
507 514 17.1264668488735
507 470 72.7294890455194
507 570 97.7165483139723
508 478 66.774055668388
509 5779 33.9112733504667
509 5664 8.10930059117994
509 503 13.6920744857981
510 517 20.0627908525041
510 442 124.15905060215
511 485 349.029021073818
511 500 65.9590374924969
511 5492 124.023178183408
512 515 25.5761592909581
512 574 87.7925808757263
512 513 21.8689613304136
513 411 165.271858929108
513 20 53.2042649017087
513 512 21.8689613304136
514 536 98.7910935413536
514 507 17.1264668488735
514 606 138.738395257278
515 512 25.5761592909581
515 417 154.560261976197
515 520 54.9894124892766
516 476 63.6579103327044
516 551 68.383335137615
517 611 229.753969491102
517 581 90.9352574420431
518 532 99.5324219052277
519 542 69.5385140992953
519 572 88.8081636548252
519 502 34.7533905922981
520 525 68.4004906967907
520 420 155.863693014163
520 515 54.9894124892766
520 580 86.3359429618816
521 526 35.7433367481452
521 20 16.185930359544
521 575 78.976287282923
522 477 71.3952313024172
522 544 204.592839132951
522 541 130.158826887958
523 527 64.6818818592334
523 423 160.907499086166
523 439 201.191292021568
524 516 33.9375849857917
524 468 95.2900570842626
525 520 68.4004906967907
525 531 62.3530095546852
525 428 154.587003909485
526 521 35.7433367481452
526 5791 62.4453187559057
527 523 64.6818818592334
527 484 68.2738230623332
527 562 61.2650582186579
528 499 88.7404539101809
528 571 69.1866263083027
528 453 128.86124409802
529 5908 21.3571742352205
529 532 22.7967992610907
529 458 125.568116688328
530 588 81.2814587493887
531 525 62.3530095546852
531 535 71.1780096055193
531 589 85.9629502288342
532 454 138.746612370524
532 529 22.7967992610907
532 556 47.8115040546338
533 466 271.337533287918
533 615 120.074417581527
533 485 70.9475490855265
534 538 26.5448811898853
535 531 71.1780096055193
535 537 61.60061021977
536 514 98.7910935413536
536 548 88.340479188395
537 540 72.6783475024779
537 535 61.60061021977
537 599 95.9271414969227
538 447 167.821858866458
538 539 8.16786759590538
538 534 26.5448811898853
539 584 60.682769542624
539 549 64.7979703506278
539 538 8.16786759590538
540 427 183.739509087089
540 524 74.1231113418577
541 495 72.6789295994468
541 522 130.158826887958
541 627 236.404874833692
542 519 69.5385140992953
542 557 247.212546800378
542 647 281.411711859648
543 508 53.6362349194995
543 547 79.7584221059205
544 522 204.592839132951
544 633 259.303984482158
544 6470 162.744570541541
545 620 94.713980557232
545 6011 35.3655374702407
545 6012 30.4124153071511
545 6011 35.3655374702407
545 6012 30.4124153071511
545 567 69.073039705758
546 504 74.6906565068264
546 551 85.1634998927865
546 653 160.80600683412
547 638 132.168834955605
547 543 79.7584221059205
548 536 88.340479188395
548 588 106.153233208089
548 597 63.7129954201979
548 506 72.3574033231949
549 539 64.7979703506278
549 550 7.94524192619753
549 655 192.520917125934
550 460 171.002995365607
550 549 7.94524192619753
550 570 70.5355048829429
551 516 68.383335137615
551 546 85.1634998927865
552 558 80.1155208227433
552 642 130.195011258758
552 554 61.1132281129296
552 452 178.578143720046
553 555 87.738376583904
553 673 177.551776083622
553 488 122.575672465004
554 559 57.3727740701072
554 552 61.1132281129296
554 431 205.962784882024
555 553 87.738376583904
555 6621 88.2788257417322
555 663 166.009986152275
556 532 47.8115040546338
557 577 37.32901421538
557 542 247.212546800378
557 573 52.6328124837145
558 562 115.384604526311
558 552 80.1155208227433
558 637 117.095552710807
559 554 57.3727740701072
559 561 55.6293539121318
559 441 201.440584000524
560 501 117.131601513062
560 5907 7.19479009940217
560 603 87.3696167605636
561 559 55.6293539121318
561 565 62.716150668558
561 444 195.970812398891
562 558 115.384604526311
562 527 61.2650582186579
562 568 45.6497035511986
563 646 122.810295101788
563 551 32.4694562249349
564 566 35.4293972893342
564 572 66.8711466667199
564 496 91.8352992209808
565 561 62.716150668558
565 450 193.192396501426
565 569 60.3630085709676
566 564 35.4293972893342
567 545 69.073039705758
567 592 54.1219941508983
567 614 109.301160612426
568 6009 38.6401532370072
568 562 45.6497035511986
568 605 58.6788788016337
569 571 10.5277114694866
569 617 68.7317904515179
569 565 60.3630085709676
570 550 70.5355048829429
570 595 35.6170835112943
570 507 97.7165483139723
571 569 10.5277114694866
571 583 54.6501043797028
571 528 69.1866263083027
572 519 88.8081636548252
572 622 75.9445994376206
572 564 66.8711466667199
573 557 52.6328124837145
573 590 96.6559949809782
573 624 75.0463334137825
573 480 141.600100868749
574 580 68.2632233630503
574 512 87.7925808757263
574 575 89.328818479013
574 676 155.14556825078
575 576 4.16051900465815
575 574 89.328818479013
575 521 78.976287282923
576 575 4.16051900465815
576 670 152.466582333668
576 6800 72.7214537952422
577 557 37.32901421538
577 600 47.2123061777048
577 628 211.059718200555
578 593 26.9037085978045
579 533 451.924749659083
579 510 96.6446341285284
580 680 156.093664527803
580 574 68.2632233630503
580 585 90.1394551819944
580 520 86.3359429618816
581 579 18.0004910146612
581 658 123.806969726131
582 6800 5.66101867890383
582 6801 23.8239547843542
582 6470 112.084276222331
583 571 54.6501043797028
583 591 91.9967821964809
583 591 65.4764532993568
584 539 60.682769542624
584 623 54.5988193635384
584 601 58.6067905579671
585 580 90.1394551819944
585 589 44.0376600503596
585 686 157.141722108681
586 664 198.699803745182
586 5907 36.2561513917915
586 6057 146.565691705665
586 5908 63.5772981446127
587 607 50.5007459080964
588 594 20.670992495666
588 548 106.153233208089
589 585 44.0376600503596
589 531 85.9629502288342
589 599 132.542410954909
590 573 96.6559949809782
591 594 5.63064338494203
591 583 91.9967821964809
591 583 65.4764532993568
592 567 54.1219941508983
593 578 26.9037085978045
593 598 79.7015439800277
593 639 69.6903994719775
594 588 20.670992495666
594 591 5.63064338494203
594 608 27.3542213886756
595 606 41.9453387708084
595 570 35.6170835112943
595 655 101.662565319936
596 487 145.681267432411
596 773 479.585827476675
596 773 291.500439076884
597 548 63.7129954201979
597 645 90.7536810159441
597 641 114.306510446189
598 630 73.6800048019612
598 593 79.7015439800277
598 607 62.396656268493
599 602 16.0310053488461
599 537 95.9271414969227
599 589 132.542410954909
600 577 47.2123061777048
601 584 58.6067905579671
602 599 16.0310053488461
602 634 42.4643619581889
602 563 168.268423058706
603 625 50.4224959493828
603 560 87.3696167605636
604 612 35.2144825727731
605 611 20.2890477026911
605 637 197.986204465461
605 568 58.6788788016337
606 595 41.9453387708084
606 629 78.3635711370965
606 514 138.738395257278
606 719 197.993965196913
607 598 62.396656268493
607 609 117.603919629841
607 587 50.5007459080964
608 618 10.7664764394839
608 594 27.3542213886756
608 621 35.2795907237443
609 616 35.7491315627868
609 660 87.0666715517546
609 607 117.603919629841
610 617 108.26361915042
610 649 147.684043210145
610 617 166.111104345254
611 626 12.9832684098724
611 821 449.166491048862
611 605 20.2890477026911
612 604 35.2144825727731
612 650 60.4531832070129
612 622 65.3138423796769
613 5779 113.867180540965
613 619 93.5867150945728
613 718 175.07048570315
614 665 80.8780206211133
614 620 95.9197812228611
614 567 109.301160612426
614 615 69.0333586650619
615 614 69.0333586650619
615 533 120.074417581527
615 639 143.111719861574
616 609 35.7491315627868
617 610 108.26361915042
617 569 68.7317904515179
617 610 166.111104345254
618 608 10.7664764394839
618 654 79.0022163302109
618 661 123.829421348213
619 620 40.396948724327
619 5851 82.4869509802434
619 613 93.5867150945728
620 545 94.713980557232
620 614 95.9197812228611
620 619 40.396948724327
621 608 35.2795907237443
622 572 75.9445994376206
622 666 110.084991561014
622 612 65.3138423796769
623 584 54.5988193635384
623 636 60.301271352204
623 652 54.7953559858649
624 635 73.4804293407468
624 573 75.0463334137825
624 678 94.8670238728818
625 746 191.658978734679
625 603 50.4224959493828
625 631 62.6212319526292
626 611 12.9832684098724
626 581 207.796693713342
626 644 37.7103764752959
627 6057 66.6911652308129
627 674 115.074406302743
627 541 236.404874833692
628 647 37.7079424263504
628 6560 29.0520022483888
628 577 211.059718200555
629 536 144.177157377299
629 740 199.565917077602
629 606 78.3635711370965
629 645 71.7622779161452
630 598 73.6800048019612
630 639 79.5894868824849
630 667 79.2642331562453
631 632 6.67278719955528
631 543 132.810036411547
631 625 62.6212319526292
632 631 6.67278719955528
632 638 70.9996975376071
633 544 259.303984482158
634 646 165.448376597795
