36424
0 1367 112.736159711023
0 10445 176.062977546762
1 12881 92.1830503129269
1 2676 16.3915147070232
2 2664 173.987554375337
2 2668 75.5981274126002
3 7 92.3814448597295
3 6611 53.725902076698
3 12791 174.902155020238
4 14822 135.501548683696
4 3315 147.334171869787
5 15 72.2129283501105
5 2663 94.7324973065021
6 5 72.0106286074431
6 11279 92.6173879164522
7 6 70.793464538885
7 8 95.0909410403331
8 9 73.1185049192077
8 13 177.478717918723
9 2663 72.0932811486858
9 6 93.8215252121913
10 10476 12.6996350204685
10 15 94.3737685644026
11 9763 11.8066853176421
11 10 102.992318351292
11 12 58.5177074326738
12 2672 185.337961713236
12 11 58.5177074326738
12 13 72.6543781707778
13 9 102.992903896187
13 8 177.478717918723
13 12 72.6543781707778
14 11 185.496031851531
14 2672 50.9131247924646
15 14819 99.5980025616678
16 592 124.273814644889
16 2088 120.864442014348
16 2093 122.00061860953
17 939 151.496504832889
18 452 112.301328046692
18 457 125.556695034386
18 517 290.074247479284
18 458 85.3886833655011
19 451 59.9647599713079
19 457 143.437573954522
19 80 186.741989701244
20 436 97.0063720015127
20 451 151.778571491804
20 94 202.389326055431
20 449 95.6404513673129
21 11341 74.1934259314568
21 15551 150.063540219707
21 438 133.236307541856
21 434 119.970707593312
22 433 116.394427750902
22 443 78.5908401954652
22 23 116.179521634116
22 91 165.589799819833
23 22 116.179521634116
23 889 156.434236709141
23 833 127.641235602441
23 446 80.9460442015522
24 886 144.182272717614
24 966 21.9086456602411
24 970 113.655938165915
24 888 99.8382256719719
25 1925 11.1991912826117
25 1082 74.5102927050713
25 1097 107.723447889797
26 1266 62.5105519696667
26 1267 75.6633248808725
26 633 135.685078040552
27 59 85.1349419513676
27 55 58.7601958278837
27 2859 76.0961868879707
28 3569 17.776707799926
28 11573 24.0056298708427
29 3508 307.104345524309
29 10127 67.680375905187
30 2802 370.15643768747
30 15056 118.823052642437
31 869 123.518312267145
31 15005 93.8176810721078
32 861 67.4185080572355
32 31 60.0568518468211
33 1251 398.536719614978
33 34 56.9382255664949
33 616 104.255624155001
34 314 222.905589118553
34 33 56.9382255664949
34 43 59.2165552982562
35 32 168.415867618351
35 14111 70.2139207292283
36 39 47.1734223162318
36 12785 240.731050346146
37 15215 105.737206747598
37 2809 363.650412314798
38 1650 135.668578639644
38 2809 53.1698934516636
39 846 140.071294825115
39 14322 88.7570853626232
39 36 47.1734223162318
39 11875 105.467474012792
40 1256 135.413559046499
40 14242 139.212184050738
40 3049 114.976791463413
41 831 63.0149590578354
41 618 181.912379276114
42 622 130.500043251275
42 616 96.1728332996535
42 206 184.354518029016
42 829 179.454955430618
43 10647 186.614679474937
43 432 52.2715705130443
43 34 59.2165552982562
44 479 217.098501960656
44 489 78.0905502609269
44 432 91.3395282205609
45 488 73.0397771334066
45 16078 174.351407328573
46 15382 24.4309646508736
46 15383 14.3144030958524
47 15382 24.4318243949836
47 14412 91.202274357639
47 485 134.953491081172
48 44 168.869355231784
48 14780 69.8436630722489
48 15871 52.3727699013045
49 15871 10.2245316399248
49 460 138.438150285816
50 14779 75.868604049989
50 15380 14.3895226449461
51 15379 14.918631412617
51 15384 71.2765003189985
52 15376 45.283234647045
52 442 154.623817425729
53 16078 44.3864332279139
53 50 84.1127004149225
54 1031 192.075086814133
54 902 300.771258171888
54 491 264.563141282961
55 12035 53.6338203458565
55 2065 74.3110370171004
55 27 58.7601958278837
56 14565 166.078311183857
56 14561 107.00611547298
56 2065 125.684855433046
56 1446 200.495468855137
57 1449 41.6596368437754
57 62 87.5602866504976
58 2687 123.744252554069
58 1898 106.199691310907
59 12036 56.8589927486881
59 7383 145.928401372069
59 2860 71.9532856673308
60 2062 199.570682675531
60 63 58.8472102608929
61 11268 94.5259563442088
61 1452 93.7172624051369
61 15220 136.028908412513
62 1458 41.6492465001913
63 2862 70.4664749967408
63 13017 48.4378758249962
63 60 58.8472102608929
64 10719 137.139978485479
64 6608 16.6825825274438
65 348 145.083362017226
65 1499 75.0572845556126
65 387 130.404731176212
65 2735 74.5378288299289
66 2067 72.4515260725667
66 69 215.938570635618
67 66 57.3951882395327
67 2858 170.904611876835
68 2868 76.6441222381381
68 2876 79.2769496143017
69 1317 141.262526719363
69 68 60.8891935904699
70 10433 87.0850075807541
71 2447 371.321187546087
71 2444 91.5698602720136
72 95 146.859884613471
72 388 188.214390358033
72 654 89.6756547282096
72 281 90.4433221451906
73 15893 8.2750188258125
73 15895 61.2880409596581
73 992 86.8240802000822
74 979 73.2411488711581
74 1138 165.392087606527
74 1001 138.949279997776
75 970 131.371801373063
75 974 70.9783741039972
75 1138 62.823601688427
76 77 48.7983779921651
76 2373 454.222274920907
77 78 55.2384603407863
77 891 207.002623623297
77 76 48.7983779921651
78 77 55.2384603407863
78 79 142.053221623458
78 1055 163.042400572644
79 10368 61.8627639119371
79 78 142.053221623458
79 7582 102.657421264127
80 418 63.769193634989
80 419 118.450675577234
80 19 186.741989701244
81 415 57.3428885673775
81 82 85.3288723176679
82 413 96.9867223465299
82 81 85.3288723176679
82 926 70.5649567071606
83 84 86.5772358235621
83 926 72.3005760469357
84 915 64.3149130892683
84 925 73.036735078097
85 929 28.2509482443439
85 413 145.597501648377
85 924 138.967516826261
86 85 62.4810639656714
86 87 123.80859334079
87 922 72.6977998355618
87 86 123.80859334079
87 923 190.591088980051
88 13742 31.276682950067
88 923 72.9180045827803
89 13742 40.3837537326889
89 933 211.404204582005
89 834 150.12655212923
90 833 50.2857175221003
90 933 72.1564332459746
91 934 44.1125119262332
91 22 165.589799819833
92 429 14.6676824243828
92 428 18.2510410896553
92 434 64.9040779534708
93 429 92.6446352231812
94 423 9.85346073697004
94 424 108.522742506413
94 20 202.389326055431
95 15570 135.743921978088
95 96 81.854251789594
96 97 136.067496244525
96 2854 86.8821254449179
96 95 81.854251789594
97 368 86.7435390051358
97 276 146.60334244321
97 15570 83.8805910432807
98 101 145.860762816862
98 368 89.3867505871204
98 99 80.5993540491302
99 100 146.453402842434
99 98 80.5993540491302
99 2856 137.564035336783
100 99 146.453402842434
100 1136 78.1816447346813
100 10432 145.502443699784
101 98 145.860762816862
101 6954 72.7804006932533
101 100 81.1073209989988
102 15289 46.2640055467207
102 1133 122.686533667025
103 10454 56.4274320889095
103 1141 244.979674303287
104 1476 142.729353030096
104 2377 72.4102274464442
104 2810 87.9511126120307
105 1297 71.741951843546
105 106 145.688635915528
105 2405 79.3349746532805
105 114 145.7739556794
106 105 145.688635915528
106 107 69.678424347717
106 2397 79.2628015463882
106 2398 71.8464362242271
107 1433 49.8809076540425
107 2956 73.2228622863398
107 106 69.678424347717
108 1296 73.2467976097549
108 2398 74.4038951265728
108 2465 70.2089140987372
109 12974 56.916929651883
109 1297 72.5764105572733
109 1294 74.3778706088223
110 1298 73.7369932399885
110 109 145.13574407479
111 2827 67.3345336941949
111 2376 76.3100138328593
112 1291 71.5311634059734
112 2400 138.931356205214
113 1438 73.0930111426474
113 2374 75.7095780849538
113 112 144.680492546758
114 2388 78.5896655373874
114 105 145.7739556794
114 1477 137.171803050893
115 1998 105.635053342011
116 2478 94.1437528112444
116 725 98.6287736164719
117 116 57.0552173660783
117 2496 130.10144243053
118 2498 139.157308890025
118 14606 37.7190563634705
118 2604 85.7146049223251
118 2606 78.17715818207
119 2606 66.0276835907477
119 1721 144.720898755868
120 6218 30.4522960604331
120 12862 126.400829633728
120 1721 126.336481861057
121 13350 53.2506788591768
121 12862 61.0710390340307
121 13323 21.2069612843728
122 1643 74.5719626095043
122 3235 51.8170461894319
122 13672 54.8665179542102
123 13913 102.08296529909
124 144 123.447927027573
124 1669 112.747377200617
124 15590 92.571582612887
125 3002 99.1459128134387
125 3006 62.2911400456534
125 3004 86.6281544142232
125 3007 71.6296185111783
126 15326 187.405178150545
126 7906 212.632859479599
127 772 73.6662378387799
127 15522 101.768980203294
128 143 110.651903559439
128 2964 96.301615642927
128 14472 103.507150311914
129 2969 76.3968819146882
129 14550 113.184935829869
129 1863 137.126764670739
130 6056 127.430878781699
130 1863 18.6663460498182
130 770 210.538327137843
131 13956 378.300153590133
131 14012 77.1737524573869
131 13079 81.3840354626027
132 14079 72.2537104943009
133 4449 12.9120363133459
133 13469 35.1190009206212
134 13485 34.3456071351793
134 4795 383.933188997487
134 3411 235.761265211629
134 13955 67.507004922211
135 13089 7.52904362507393
135 136 359.026074051514
135 3406 17.0476551015987
136 5861 1107.77111834994
137 13539 804.948855366113
138 15851 411.681723466381
139 1371 538.800152216986
139 2259 794.761786429221
140 15699 269.330871488543
140 13903 477.005207616301
140 14782 428.307347873964
141 5914 576.166526000177
141 13045 154.254458994206
142 2255 220.608852731986
142 137 335.681453756785
143 144 111.929715828047
143 1669 116.095550380705
144 124 123.447927027573
144 127 133.784662857221
145 518 51.035900903585
145 525 19.7028703906862
145 939 41.7683914549474
146 147 105.904581424296
146 518 244.108245049485
147 558 108.717069994511
147 148 255.259984377942
147 146 105.904581424296
148 147 255.259984377942
148 14413 104.281126569402
148 1057 104.298317488732
148 562 59.9846881262995
149 554 70.4503215465428
149 14998 86.3398137969943
149 15791 363.4358924896
149 555 172.026220561214
150 968 37.5641686900684
150 555 20.5034350369541
150 1534 263.392751841506
151 9212 9.38829839357643
151 969 66.8927396474543
151 9211 27.2988109822952
152 12395 155.140402764764
152 9209 136.692682162975
152 9211 262.713182545594
152 10858 148.011264966971
153 397 55.5319022344456
153 10818 191.541397558828
153 1235 73.5660879386845
153 9278 324.864720167227
154 9264 66.3624566199671
154 16079 26.4300835235853
154 13771 193.844764337529
155 10911 110.250938794985
155 646 167.533134781088
155 15753 217.786171675958
156 9658 65.854472917085
156 10158 255.767190846558
156 6068 173.69430755999
157 158 161.600683963049
157 8143 255.630094323634
158 6778 281.102801943951
158 6875 124.924703063962
158 157 161.600683963049
159 6874 175.766972698311
159 6730 234.361326067512
159 6780 332.789383010697
159 9708 159.407472618943
160 163 183.977620134014
160 12014 34.0906535586835
160 9644 255.383700677531
161 15114 34.8610527032082
161 1723 82.0941048733449
162 161 227.596799772281
162 10488 12.3934482673974
162 3176 105.776046748576
163 160 183.977620134014
163 6745 127.879648981642
163 9643 242.838226698819
164 6822 81.8444214577209
164 8738 157.451562994716
164 165 313.448690845994
164 8741 145.408770122204
165 6740 256.689442930158
165 6838 85.4131613035009
165 9719 84.8819122566671
165 164 313.448690845994
166 11036 45.1584193249261
166 11035 45.9406030432045
166 15599 68.3764853444711
166 11050 128.387298795617
167 15630 99.2524155120006
167 6968 38.9381232224307
167 11035 106.296432466535
168 15008 44.2636995158261
168 11041 111.849764058799
168 11043 172.362055959712
169 170 161.952222468521
169 9965 126.12661685198
169 1865 154.556238927239
170 12346 29.9681409725069
170 1864 100.271281678356
171 12332 36.2309179189004
171 10138 68.1650411088687
171 10161 66.2004032542669
172 12332 177.922740592663
172 15601 170.434377681135
172 8784 80.6271566080937
172 10161 253.878113801033
173 858 10.0269466011543
173 15042 371.03886495245
173 9342 386.326706350972
174 12369 102.796999317131
174 9330 185.176366037504
174 177 243.49959515932
175 15889 18.3153358246075
175 7701 367.614625108335
176 12917 241.387757819674
176 5163 239.928158613607
176 7189 73.1468349742217
177 9333 130.927265213137
177 2141 374.424720852135
177 174 243.49959515932
178 11550 15.479189968827
178 11549 76.6583151677245
178 1239 83.9294653475076
179 162 105.820484713737
179 10489 15.2917611482873
179 1241 369.570860744077
180 14585 23.8882061276317
180 1242 93.5101231533651
180 183 284.884410523785
181 3149 127.62136334889
181 11118 180.547537653008
181 14585 79.2970305665562
182 11118 34.7835942378756
182 10168 100.297106504784
182 2142 132.08906326526
183 3130 406.24016130011
183 3178 47.418088763706
183 180 284.884410523785
184 13561 174.769616998203
184 6948 113.298858850448
184 14989 167.73825076522
184 9749 164.240388997379
185 14989 9.08803502189423
185 7142 78.3023832886286
185 9017 67.3715862114065
186 187 137.744444680136
186 6699 71.2924638962979
186 6702 192.466335777561
186 7137 54.8828027155971
187 188 220.047159826373
187 186 137.744444680136
187 10585 285.847972311808
188 9792 277.838086096185
188 10584 99.6345003628678
188 187 220.047159826373
189 11554 64.983075372723
189 11537 113.911491750392
189 8006 691.048552359867
189 13675 267.114083394924
190 11538 106.376833263784
190 8988 76.525619801954
190 8008 379.477622120071
191 192 85.6801598492395
192 191 85.6801598492395
192 14343 172.873290787455
193 9881 54.0705480387578
193 15462 24.8121994354411
194 3185 226.013546527139
194 853 165.393125805897
194 8998 125.465677548986
194 12116 94.4757710427556
195 11109 178.399276773624
195 200 194.505151789901
196 15483 45.5600109053758
196 11112 351.157816468703
197 11101 110.737994497769
197 11107 100.543597040751
197 11110 353.641505179092
198 195 165.420063835552
198 11108 185.949720386729
199 198 196.45884976595
199 201 90.7675724167482
200 195 194.505151789901
200 199 91.3131880098428
201 847 80.1368878187091
201 11104 130.155466446795
202 8987 172.811938149134
202 9716 133.748480548072
202 11539 30.8540244512686
202 203 114.115022695553
203 8009 112.749976603593
203 8988 152.518331350542
203 202 114.115022695553
204 14976 11.0381155718889
204 15146 10.6419824777572
204 1904 149.24783769454
204 7377 151.913229640807
205 7131 59.6305961361989
205 15078 64.5952345648094
206 620 112.336957013922
206 42 184.354518029016
206 207 183.681010094386
207 351 118.163043075372
207 206 183.681010094386
207 598 109.39774831981
208 819 15.4816561221987
208 600 63.7827960455758
208 597 14.3362871821646
209 12120 15.916666371659
209 624 56.2558253150484
210 12353 24.4168165120528
210 11591 709.826538379835
211 1221 93.4700628569271
212 213 9.22975707762031
213 16049 9.77789244469451
213 1756 109.991661248385
214 384 530.11647808409
215 15791 11.6544507125321
215 572 233.429544381591
216 11266 110.766367271347
216 15238 188.75657933915
216 11247 363.458495638299
217 11702 235.399146974289
218 11703 72.3151347445856
218 13702 92.7538546517732
218 15940 215.916125774249
218 14418 318.231602761807
219 6398 8.14411626706463
220 8125 283.665481422721
221 13953 22.3737925210685
221 7470 12.7783156521384
221 8022 78.1755722251987
222 4995 260.743715995393
222 4996 179.58959627545
222 14863 543.889454883423
222 15979 263.488808193002
223 3085 75.6297635553794
223 3081 149.427105699712
224 818 184.580322400573
224 10953 81.010038852796
224 241 105.3159040412
225 1036 128.673120435964
225 1030 155.62369731191
225 13858 509.498105465193
226 615 102.968086886649
226 33 228.18746243034
227 3020 129.515770871956
227 3086 32.9449253825758
227 3013 210.261080210228
228 2571 93.4577320978998
228 294 104.572405845599
229 13651 12.542216892359
229 15018 125.162108386013
229 6693 94.9264042301792
230 4925 161.665504131265
230 1541 108.210242421303
230 3356 76.7330387828156
231 2766 191.495366299297
231 2770 114.24273164339
232 10793 129.336413030226
232 10792 76.1174258398459
232 2472 96.9428136199465
232 2504 120.688133102713
233 375 66.2485061829264
233 5735 42.5474138621729
234 3136 292.623749631297
234 3176 202.587785424297
234 302 169.167018260462
234 1723 292.240173787839
235 14090 7.15864079314931
235 618 184.560471319378
235 14144 155.361345971917
235 596 120.573057715414
236 1902 29.2253163159406
236 3318 65.6184813752891
237 1916 83.1270318706275
237 2772 77.430577113661
237 2771 83.8430906171907
237 870 290.346328554098
238 3345 106.468180663332
238 585 74.9944011993615
238 3260 61.7572872804041
239 3970 24.6448574621089
239 271 64.0841702492956
240 6301 148.272869935767
240 5770 281.331778795996
240 11972 235.090832776599
240 10618 53.7546386468027
241 10538 130.051801905574
241 328 116.547412351468
241 224 105.3159040412
242 13210 273.828529144287
242 8800 361.535239727261
242 4110 480.364163941212
242 9342 190.535911181462
243 3034 136.025534378821
243 3049 113.887287415185
243 3045 94.7172380909603
243 11634 97.4487254627805
244 10906 41.2619785055453
245 13443 1485.20705015314
245 15728 557.022968988295
246 6164 67.4166279832165
246 11852 134.150178412548
246 7567 150.363981191021
247 2691 931.367022552193
247 11025 20.0231773731077
247 2689 670.365360048086
248 13828 62.7897969374242
248 13829 194.430213555022
249 14426 96.6964193492685
249 838 43.2027334188042
249 841 112.39538547982
250 13229 68.5060565662517
251 909 63.8433753909319
251 908 61.4596680822362
252 14849 12.6137950076173
252 8493 80.5238161662787
253 10931 61.1260850015639
253 9164 136.020175082339
254 3190 119.65637576593
254 10469 20.274036547371
255 1061 151.959965731114
255 1244 190.814854163702
255 1062 47.8045165923544
255 268 79.0758538372044
256 1111 25.0948823713481
256 1112 67.2984808817383
256 947 49.8521464035076
257 7994 55.9514588112241
257 325 151.150412717808
257 5963 110.912167700044
258 2761 149.491794779871
258 304 74.9044019788915
258 2759 79.9725216034203
258 2739 73.8099064037001
259 15366 78.1268699315539
259 9879 118.320677361931
259 322 36.8733580648354
260 14801 36.1150240177122
260 15772 20.1906478801666
261 1167 30.749489354622
261 1166 93.5346130145916
262 338 70.0128138837172
262 3775 104.048090633651
263 14868 53.8905236760714
263 1924 106.311660308933
264 13864 24.8532660702454
264 10714 66.785814275622
264 13865 53.3317091147576
264 1071 122.81669826611
265 3018 158.994602067751
265 11651 152.870708103689
265 41 142.676916036987
265 831 152.973376344182
266 626 133.958944065066
267 226 206.293408620206
268 255 79.0758538372044
268 10121 49.6169522969662
268 1085 157.359093896994
269 14978 376.687965554875
269 10713 66.6564540706395
269 373 222.8871989282
269 10714 177.903183251657
270 10349 413.542831746674
270 1853 516.25440731047
271 12062 191.678581244039
271 12055 19.6776846420603
272 3261 246.984124600091
272 13426 47.2236073867122
272 3356 275.408773720018
272 586 73.1520046295951
273 1855 37.8672520682403
273 5733 30.9055091068756
274 15377 13.0456497328452
274 15376 80.6000217073591
274 448 87.7431178435495
275 603 102.905879780421
275 600 48.4311681340616
275 599 199.733400273232
276 335 86.1073645832307
276 289 146.305020487991
277 11007 44.5298193628564
278 2800 173.135853406664
278 326 55.3035315179916
278 1248 112.321844697714
279 381 29.9185229107766
279 12109 9.41776553927707
279 912 14.5464155049655
280 14579 117.170181380099
280 1428 88.947014806817
280 12064 115.44084661214
281 2857 69.6733576306665
281 1140 95.6691787410396
281 72 90.4433221451906
282 14863 51.1727195278709
282 14864 47.4238779474462
282 5007 86.4207705676309
283 2764 200.979883944587
283 14978 67.6692233400821
283 10715 285.954793465401
284 605 173.884574433521
284 367 55.6816446930346
285 328 24.3655873033778
286 363 47.3049119136648
286 362 113.947030758789
286 391 40.273366442997
287 11137 289.405668843474
287 395 64.042158854939
287 6726 101.775192519162
288 15256 115.046005324999
288 3139 7.97937544728671
288 390 131.869305968701
289 11937 46.2778946995658
289 13820 84.0160643637824
290 3883 59.5703139012684
290 3881 101.053339042513
291 12731 19.3047092627775
291 4967 81.4274334125105
291 6289 56.0491723147877
292 8492 32.0089987601218
293 13341 10.8024605805143
293 13715 63.6698886213111
293 299 81.8802429100209
294 2509 108.201098306921
294 11367 85.6940462310323
295 843 124.19496196807
295 9414 49.4076160278937
295 845 165.958503349273
295 12698 83.518178655185
296 300 97.8060571939785
297 5402 101.680457411608
297 5408 151.272982163676
297 376 116.592106524926
297 4994 148.337916338076
298 5602 241.222260074129
298 6693 91.6373632990641
298 5604 78.2151209569877
298 11539 226.439138286201
299 13351 14.809533409535
299 236 64.4931963511973
300 241 61.5637169516882
300 296 97.8060571939785
301 5441 63.8805453875884
301 233 40.8657713320655
301 5735 45.1898461206559
302 10998 60.8138139987106
302 390 105.023326410588
302 234 169.167018260462
303 15876 158.161191901197
303 947 98.6679734417794
303 884 91.1803395526193
303 878 106.876355255357
304 258 74.9044019788915
304 15981 97.8631423661072
304 386 76.7397907592012
305 2015 90.4874672831338
305 15773 93.3232773121192
305 3379 46.9757668775217
306 11023 9.54247577542732
306 896 100.583340549751
306 10373 3352.89305823472
307 10480 95.1022672000449
308 13444 2554.39874535138
309 10481 12.3697870145035
309 1320 377.755614801187
309 5121 61.4933090726282
310 10484 30.1500408145378
310 12126 267.770459267441
311 3898 141.365780698261
311 9160 78.9724684984605
312 14144 13.4242285650446
312 3084 153.861973468788
312 3083 340.966854050978
312 596 193.382644893672
313 12111 58.0814115264442
313 945 46.3685681515905
313 1062 114.905921254013
313 1062 119.335223881478
314 623 199.811482573958
314 14907 100.346566031614
315 251 311.327257481423
315 910 89.7648558009862
316 1003 224.176742974059
316 1024 294.465987319999
317 11679 199.413130140035
317 14426 134.077714000489
317 13748 216.199267027704
318 14777 96.043750152547
318 2775 84.6003475773854
319 13472 34.8727477339416
319 1459 20.0601573492979
320 1117 104.571923647718
320 1112 80.0573041762386
320 1073 82.4669864529838
321 10132 55.9216344715025
321 238 71.073918296069
322 3182 34.7227120129846
322 259 36.8733580648354
322 12082 114.14973400297
323 350 60.9429724718437
324 13188 22.6996795824682
324 15163 110.490535059339
324 1538 20.6792540448224
325 10408 35.8851136055077
325 5963 104.108637341472
326 2798 7.40984624710395
326 278 55.3035315179916
327 1722 1250.96807290922
327 14382 23.1607653455588
328 621 22.7660860906862
328 241 116.547412351468
329 5407 198.064138738802
330 15310 44.7567883628094
331 14770 14.6553077124615
331 14771 17.439485383945
332 1606 49.7249186988649
332 14251 52.5345572679939
332 366 254.055308705291
332 3570 142.55158224435
333 11712 106.720126279505
333 3980 27.264977545179
333 3964 16.2304021864021
334 7969 21.9471540478037
335 368 146.515677538124
335 101 89.5747473551028
336 334 98.1205939913252
336 6301 126.249130252929
337 3360 107.592962532808
337 3362 73.5252433483114
337 3376 87.1784529957758
338 1351 52.8518024554424
339 12080 187.130120751702
339 3075 97.9288158219717
339 3086 215.10383890433
340 788 326.450129534015
340 787 84.0586167277549
341 13465 10.2230856500489
341 1460 81.2963322293503
342 1253 34.622606847386
342 11647 131.866996036908
343 15217 10.9897497438514
343 14493 209.983855187555
343 15125 31.475916064171
344 1565 324.770633271636
344 14703 102.243232607505
345 6164 94.1197817020587
345 6168 79.3835415194708
346 583 410.283988911718
347 2808 140.843112040054
347 2797 14.2513236009849
347 1246 194.849583273678
348 2725 76.3514774889459
348 870 137.06724091722
348 65 145.083362017226
349 1222 9.81449177075108
349 6455 488.488898946737
350 575 71.5564537133191
350 3641 38.1370735046236
351 615 177.973473487757
351 601 30.3269160842456
352 10179 112.665499020958
352 10997 223.242371077568
352 10998 203.459498894306
353 984 264.384253202996
353 977 389.218471179645
353 1002 129.313059970432
354 10722 63.8726340523379
355 5773 145.763266878484
355 10183 80.5161877030105
355 1862 158.95246123294
356 374 919.151453920664
356 1058 179.8434064837
356 1003 649.685043815674
357 1140 90.7013408390203
357 14120 16.1052009073076
358 931 35.7618923031019
358 1037 264.087394452431
359 10462 7.27749338219654
359 291 90.3081729991432
359 7999 55.5782245665478
360 9878 47.022680093506
360 11005 78.3937886079404
361 262 37.2475624468842
361 2051 114.511785099785
362 3026 176.288338111182
362 1852 316.564541895902
363 391 37.6988789800548
363 10492 129.239265274593
364 253 88.5012468470357
364 6078 50.7940884041986
365 603 105.280815314172
366 4990 37.8645511398353
366 1642 83.7564944470485
366 332 254.055308705291
366 14249 72.8122779810468
367 599 103.116285305772
367 267 84.7667157700738
368 10907 97.0499010168011
368 97 86.7435390051358
368 98 89.3867505871204
369 14134 58.5608055572511
369 6394 124.934437082571
370 5009 130.452676363597
370 5000 103.57761436967
370 376 202.668809400998
371 6294 39.1451659065803
371 1432 254.421487937803
372 1074 70.4455133155312
372 1075 70.5064831670265
373 30 72.0691999719628
373 269 222.8871989282
374 1518 35.3087131443572
374 3568 154.770863363991
374 356 919.151453920664
375 5008 63.9493936221273
375 233 66.2485061829264
375 10750 46.8785217608693
376 297 116.592106524926
376 1538 350.913757519136
376 370 202.668809400998
377 13319 12.8240456877975
377 13775 50.5684934194101
377 283 189.598619431969
378 13341 60.6529419072515
378 3294 195.633383830922
379 1678 648.049817235423
379 13057 752.943805035055
380 53 152.417671789533
380 10647 202.122338364026
381 279 29.9185229107766
381 911 65.3762811617796
382 383 259.799938224153
382 13748 14.0022802944958
383 1247 219.760507343236
383 1250 173.067372151531
383 382 259.799938224153
383 1229 120.859761503095
384 10347 1011.64420332397
385 7023 277.661098876816
385 1563 129.532243515643
386 2743 112.974614816624
386 304 76.7397907592012
386 1078 90.9369732781122
386 1072 171.956046862781
387 1500 75.3151107644786
387 2847 60.0263876665971
387 2724 60.8009348215954
387 65 130.404731176212
388 1137 83.2600634225267
388 72 188.214390358033
389 285 183.47341107055
389 14089 121.723215597749
390 3138 173.373464874053
390 288 131.869305968701
390 302 105.023326410588
391 1852 198.980037974147
391 286 40.273366442997
391 10168 238.385416798088
392 2473 114.480673581146
392 3351 103.84737894279
392 4917 139.16039595626
392 3355 165.091231474228
393 13602 21.1679405823587
394 6268 933.894330034982
395 15360 60.6781930648041
395 287 64.042158854939
395 10975 68.8629620027324
396 632 113.884457620829
397 10570 91.3296690968346
397 153 55.5319022344456
397 14329 678.343569440069
398 13264 75.309451616105
398 14661 40.3342394738759
398 14329 35.7013663115641
398 399 56.8168401910829
399 5929 188.423431297342
399 398 56.8168401910829
400 401 113.02958996201
401 11582 93.7801649810199
401 1226 92.2254413401476
401 13436 90.7811502062144
402 11584 52.7967290019233
402 13642 90.6367291880444
403 14982 6.4885699269162
403 14435 6.74096720692877
404 12373 99.968757416791
405 406 112.581495471228
405 15294 321.6261561993
405 15122 138.673206248306
406 405 112.581495471228
407 406 162.7292104253
407 408 61.4280906829815
408 16059 162.358512389602
409 4043 107.902952681945
409 9039 80.1734615402682
409 16059 74.325959009501
410 16050 68.301310238517
410 549 188.348397774485
411 412 11.23525996096
411 8787 299.581098219023
411 10161 620.744153266603
412 411 11.23525996096
412 173 465.928204389617
413 82 96.9867223465299
413 425 98.9097926639915
414 416 131.097518011022
414 415 101.144363751043
414 419 195.426881284714
415 420 102.437661507494
415 81 57.3428885673775
415 414 101.144363751043
416 414 131.097518011022
416 419 55.7553431121704
416 417 111.624817293776
417 930 53.7090851435664
417 416 111.624817293776
417 421 54.6323113566251
418 80 63.769193634989
418 930 7.39819509050081
418 451 193.467569880888
419 80 118.450675577234
419 414 195.426881284714
420 415 102.437661507494
420 421 78.5880144114962
420 416 86.2523969734752
420 427 98.6972172955767
421 420 78.5880144114962
421 422 97.5975850468422
421 417 54.6323113566251
422 423 91.9220560721751
422 93 210.385648061452
423 930 133.737156627576
423 94 9.85346073697004
424 94 108.522742506413
424 428 89.9547771126089
424 932 89.5994115260329
425 427 176.623562099529
425 426 48.772386896043
426 430 64.5170857308651
426 93 43.4343556710352
427 420 98.6972172955767
428 424 89.9547771126089
428 92 18.2510410896553
429 92 14.6676824243828
429 428 31.449339990488
429 91 214.879871272857
430 426 64.5170857308651
431 1450 125.410737746109
432 44 91.3395282205609
432 43 52.2715705130443
432 14907 222.485720160308
433 22 116.394427750902
433 11341 17.1696059991855
434 11341 176.354930282372
434 92 64.9040779534708
434 21 119.970707593312
435 437 139.598716158036
435 14779 32.8080290514931
435 15384 108.658103608558
436 15551 11.9589912235777
436 20 97.0063720015127
437 449 100.044357977309
437 436 101.335880662217
438 437 169.007437356823
438 51 121.004052706753
439 440 75.4580188496222
440 443 125.224420017818
440 433 79.9614675904171
441 439 80.9890860323237
441 445 144.317636154744
442 441 70.6995068496537
442 15378 74.4477254431211
442 52 154.623817425729
443 444 74.3981868534968
443 446 118.754517158095
444 445 79.7750421883617
444 439 135.433722755156
445 448 122.266326732321
445 52 84.5192803518221
446 447 74.8066230800963
446 23 80.9460442015522
447 444 120.232668687463
447 448 78.950983592582
447 446 74.8066230800963
447 835 156.423455612821
448 840 151.752532089698
448 274 87.7431178435495
448 447 78.950983592582
449 450 50.9488929599327
449 15380 160.392299425335
449 20 95.6404513673129
450 449 50.9488929599327
451 19 59.9647599713079
451 20 151.778571491804
451 418 193.467569880888
452 453 73.521113585249
452 15870 71.2545647973828
453 452 73.521113585249
454 458 111.531545118555
454 455 105.832701115511
455 454 105.832701115511
456 457 106.187708059063
457 456 106.187708059063
457 19 143.437573954522
457 18 125.556695034386
458 14882 159.153994418389
458 18 85.3886833655011
459 460 179.859649345574
459 520 280.269772390009
459 14882 130.663931430899
459 15880 139.786729164204
460 454 101.634100466386
460 459 179.859649345574
460 49 138.438150285816
460 480 96.5694183213732
461 462 63.1411621641211
461 13415 90.2659402335932
462 461 63.1411621641211
463 520 120.968234295856
463 466 92.4835460639769
464 466 76.7751221405174
464 467 108.74472724671
464 465 105.333111356958
465 461 113.108419931548
465 464 105.333111356958
466 464 76.7751221405174
466 467 31.9752201455122
466 463 92.4835460639769
467 466 31.9752201455122
467 468 46.0439760075639
467 464 108.74472724671
468 467 46.0439760075639
468 15881 189.648348132707
468 469 86.1569987978045
469 472 73.9396046729929
469 470 93.3838585024465
469 468 86.1569987978045
470 15720 302.298573668632
470 469 93.3838585024465
471 472 60.5854646331932
471 474 141.46910319908
471 470 107.710886979438
472 469 73.9396046729929
472 471 60.5854646331932
472 473 115.24141981339
473 15881 86.5927166210263
473 474 91.4398697438418
473 476 101.23032517028
473 472 115.24141981339
474 473 91.4398697438418
474 475 86.7705430407995
475 477 53.1356501368456
475 481 139.110076620004
476 473 101.23032517028
476 15880 90.1687146653596
476 477 39.9353592808564
477 476 39.9353592808564
477 475 53.1356501368456
478 479 73.9485619895484
479 477 250.002466120586
479 480 71.028022463168
479 478 73.9485619895484
480 15880 209.743566488687
480 479 71.028022463168
480 460 96.5694183213732
481 284 39.2720714881926
481 482 69.5232224050343
482 484 10.484341086185
482 481 69.5232224050343
483 482 26.7262595405345
483 14907 224.511007379655
484 14124 5.04550583548026
484 14145 35.8815694988321
485 19 103.479426350547
485 452 256.612924177378
485 486 54.5536012141421
486 485 54.5536012141421
487 489 80.6129844988932
488 487 51.4424092732712
488 46 59.2466440838767
489 45 52.9804323667108
490 487 69.5245595570284
490 46 54.8762217978672
491 54 264.563141282961
491 498 187.050361525738
491 517 182.810827785614
492 493 56.6810378338152
492 508 83.6893423781296
492 3599 43.3921553818688
492 512 107.78360369742
493 492 56.6810378338152
493 494 238.47347804472
493 494 71.8341001825659
494 495 46.4055502543532
494 493 71.8341001825659
495 494 46.4055502543532
495 507 58.922799960869
495 496 89.2407167557556
495 902 116.071006054475
496 497 36.1236523473068
496 497 226.387763015441
496 495 89.2407167557556
497 496 36.1236523473068
497 498 68.5729203013648
498 497 68.5729203013648
498 499 65.7079072945965
498 491 187.050361525738
499 500 20.4965913682388
499 498 65.7079072945965
499 501 58.8494451111367
500 499 20.4965913682388
501 499 58.8494451111367
502 506 38.0069981988977
502 507 48.4926578860032
502 503 136.006484169155
503 509 45.3300267193765
503 502 136.006484169155
503 505 157.618897804206
504 505 8.24733082247865
504 12935 144.23754449293
504 527 28.1775538733101
505 526 68.2688253642215
505 504 8.24733082247865
505 503 157.618897804206
506 502 38.0069981988977
507 502 48.4926578860032
507 495 58.922799960869
507 508 170.647489825473
508 509 82.8664115206826
508 492 83.6893423781296
508 507 170.647489825473
509 508 82.8664115206826
509 510 76.4473126991087
509 503 45.3300267193765
509 524 304.752458323998
510 511 192.680682083482
510 509 76.4473126991087
510 519 138.300025476461
511 512 58.5215315036765
511 510 192.680682083482
512 517 135.161887524123
512 511 58.5215315036765
512 492 107.78360369742
513 511 108.586102566859
513 514 104.72742116012
514 513 104.72742116012
515 513 20.2802907338845
515 516 72.9752832568353
516 515 72.9752832568353
517 512 135.161887524123
517 491 182.810827785614
517 18 290.074247479284
518 145 51.035900903585
518 146 244.108245049485
519 942 63.8906045912726
519 510 138.300025476461
519 14882 248.834498166771
520 463 120.968234295856
520 941 93.6673870989526
520 459 280.269772390009
521 146 263.344767502494
521 1017 63.4141544024151
522 523 33.244627304126
523 522 33.244627304126
523 527 202.772452753557
523 524 212.414082803635
524 525 122.649166005833
524 523 212.414082803635
524 509 304.752458323998
525 518 60.3546932006321
525 524 122.649166005833
525 145 19.7028703906862
526 505 68.2688253642215
527 904 82.1025804294736
527 523 202.772452753557
527 504 28.1775538733101
528 902 175.911824275418
528 1015 321.848565428938
528 1017 300.785689484249
529 530 181.289837897982
530 533 329.837848001425
530 531 345.749143825196
531 532 252.845848304441
532 15646 183.52982430263
533 11022 120.95299505362
534 531 328.668859854392
535 15882 19.80286028154
535 8147 211.789378206115
535 15593 16.3373558529965
535 6748 279.724996211543
536 10173 147.57847750825
536 10158 269.211634120675
536 15037 396.871561161181
537 13738 91.3993674269932
537 6783 81.4251053255262
537 8777 209.046891527158
538 10089 14.8106727144801
538 8776 61.7456984272845
539 8786 83.9273870952952
539 6061 396.834840292974
539 859 794.136928563387
540 12956 36.4007257356291
540 860 326.379733951765
540 8800 593.634760193184
541 7179 74.7363590778837
541 7181 195.804735198309
541 13619 57.4428589708596
542 13619 24.4410054029643
543 9965 322.599678825358
543 7710 68.2306338960697
543 12348 130.216198448733
544 12349 47.7864495933017
544 7711 78.0133803369208
544 6862 232.217237429273
544 12348 201.308003021635
545 14479 442.618809891204
545 6859 64.6915479168012
545 15042 68.5763686633935
545 11180 112.024848619803
546 8809 259.906572567662
546 5389 488.10394954166
546 11688 222.563846178896
547 11690 73.8839040303522
547 11687 152.975305919107
547 14528 158.103878205404
548 11763 76.4479101514148
548 549 99.1746018446546
548 5392 97.0107397427776
549 548 99.1746018446546
549 7185 23.8065848681256
549 410 188.348397774485
550 551 199.347224713154
550 16021 3.36184348466421
551 550 199.347224713154
551 552 69.6600172514521
551 789 24.7458809522841
552 551 69.6600172514521
552 804 86.0507496307319
552 13952 509.138023176827
553 15635 3220.1674228676
554 149 70.4503215465428
554 568 24.6244238909818
554 15878 191.531516590064
555 150 20.5034350369541
555 574 189.464859858531
555 149 172.026220561214
556 557 91.1594513528264
556 903 146.568296135843
557 556 91.1594513528264
557 11461 77.6799635361915
557 565 103.03184908199
558 557 143.044133786977
558 560 279.063208778706
558 559 41.546701233899
559 558 41.546701233899
560 14968 380.477190112739
560 561 133.320886489177
561 566 116.236626923124
561 560 133.320886489177
562 148 59.9846881262995
563 564 90.4301897521608
563 556 98.2415360093222
564 561 161.330414832955
564 565 191.452097251117
565 564 15.3468540341251
566 561 116.236626923124
566 570 151.162495058712
566 14946 56.1508039879614
567 787 29.8602782173169
568 554 24.6244238909818
569 568 49.9922191689218
569 570 308.903519859188
570 566 151.162495058712
570 569 308.903519859188
570 15879 159.921791489707
571 15720 24.0400631794232
571 14968 9.35296735594429
572 573 51.4764542762509
572 1527 342.459304232988
572 215 233.429544381591
573 574 383.55959190435
573 1530 274.864214405411
574 15395 14.7910486632673
574 573 383.55959190435
574 555 189.464859858531
575 576 110.222988150472
575 578 59.0379152477367
576 3613 86.1849910864704
576 3625 129.578075398726
577 578 118.386299957759
577 576 102.462938091249
577 579 142.819802890342
578 577 118.386299957759
578 3641 62.4284543991453
579 580 57.7518423745736
579 577 142.819802890342
580 14515 15.9672866675624
580 579 57.7518423745736
581 3636 70.3873156206872
581 582 108.252799872133
582 581 108.252799872133
582 583 104.663767852547
583 344 138.383172531047
583 582 104.663767852547
583 748 99.4759096305394
584 2513 96.1553834136996
584 10791 106.260243966679
585 3344 238.92449195961
585 13913 54.4567778367598
586 3191 43.9764007178793
586 10469 36.6290204400008
586 272 73.1520046295951
587 586 249.627199491594
587 10419 36.5436819870719
588 14721 59.3389833925218
588 10628 113.609844569381
589 3249 66.8289910190198
589 11924 58.2548161341609
590 11924 445.087050661812
591 10477 82.3408263832998
592 591 184.062571758186
592 1307 89.6040764905786
593 594 139.571534787193
593 2673 43.6658890251848
593 2088 150.643102204458
594 2081 171.120687514596
595 2443 85.145307602746
596 235 120.573057715414
596 312 193.382644893672
596 10538 26.3019739930651
596 828 100.696087978956
597 208 14.3362871821646
597 818 17.9188774411612
597 598 205.286321223658
598 300 89.8842478086891
598 207 109.39774831981
598 597 205.286321223658
599 601 84.0336625107573
599 598 117.002314879167
600 275 48.4311681340616
600 602 149.858406481824
600 208 63.7827960455758
601 351 30.3269160842456
601 267 97.2290031791217
602 600 149.858406481824
603 275 102.905879780421
603 367 187.562955146887
604 812 86.9601146436223
604 365 159.274479565725
604 819 133.028833229399
604 790 284.852651228819
605 608 248.172194964978
606 481 177.478973591055
606 605 45.8429708055419
607 612 149.987957970734
607 610 30.736091004971
608 607 98.6146403295874
608 609 40.0214323545699
609 606 243.752305606444
609 611 45.461532070085
610 609 94.8303064690253
610 607 30.736091004971
611 609 45.461532070085
612 614 632.663572013773
612 613 27.4924581883142
613 610 141.047983109283
613 612 27.3619168067925
613 14967 241.630771262964
614 534 2133.33771223848
614 788 45.1639329363418
615 206 103.818689026762
615 616 208.211040818165
616 617 53.764087205235
616 615 208.211040818165
616 42 96.1728332996535
616 33 104.255624155001
617 616 53.764087205235
618 235 184.560471319378
618 14089 6.70520161039001
618 11646 142.579238407454
618 41 181.912379276114
619 389 23.3871113841685
619 622 182.725057136043
620 619 23.5429603522809
621 620 183.519325450269
621 207 116.115674485253
622 41 152.660155653307
622 619 182.725057136043
622 830 127.872196877266
623 14145 27.7120821000541
623 14124 35.3589595703164
624 805 22.2889281756117
624 10948 8.58748882132759
624 209 56.2558253150484
625 10948 56.4158101007403
626 209 76.5205886589953
626 365 682.904299138499
627 629 161.850135063008
627 628 226.521003326134
627 14902 350.214957855149
628 635 11.9487405765077
628 627 226.521003326134
628 632 776.301092147046
629 627 161.850135063008
629 1534 263.251937355283
629 635 241.109137475239
630 631 130.351084916248
631 967 50.2434783289004
631 630 130.351084916248
631 10858 375.807853033994
631 10570 218.456874389085
632 396 113.884457620829
632 628 776.301092147046
632 9212 708.455690161316
633 1502 76.0581568748864
633 890 19.7347107888658
633 26 135.685078040552
634 10861 84.8475957891759
634 10913 88.986676001962
634 649 507.288918076022
635 628 11.9487405765077
635 629 241.109137475239
635 636 46.4546911031057
